[gd_scene load_steps=4 format=2]

[ext_resource path="res://enemies/Goat.tscn" type="PackedScene" id=1]
[ext_resource path="res://map/Map.tscn" type="PackedScene" id=2]
[ext_resource path="res://NPC/nuke_npc.tscn" type="PackedScene" id=3]

[node name="world" type="Spatial" index="0"]

[node name="Goats" type="Spatial" parent="." index="0"]

[node name="Goat2" parent="Goats" index="0" instance=ExtResource( 1 )]

pause_mode = 1
transform = Transform( 0.613283, 0, -0.789864, 0, 1, 0, 0.789864, 0, 0.613283, -27.1794, -0.0226316, -22.3879 )

[node name="Goat3" parent="Goats" index="1" instance=ExtResource( 1 )]

pause_mode = 1
transform = Transform( 0.297485, 0, -0.954727, 0, 1, 0, 0.954727, 0, 0.297485, -49.2433, -0.0226316, -33.6804 )

[node name="Goat4" parent="Goats" index="2" instance=ExtResource( 1 )]

pause_mode = 1
transform = Transform( 0.393787, 0, -0.919202, 0, 1, 0, 0.919202, 0, 0.393787, -9.14544, -0.0226316, -9.75165 )

[node name="Goat5" parent="Goats" index="3" instance=ExtResource( 1 )]

pause_mode = 1
transform = Transform( 0.791021, 0, -0.611789, 0, 1, 0, 0.611789, 0, 0.791021, 9.13474, -0.0226316, -24.2722 )

[node name="Goat6" parent="Goats" index="4" instance=ExtResource( 1 )]

pause_mode = 1
transform = Transform( 0.743891, 0, -0.6683, 0, 1, 0, 0.6683, 0, 0.743891, 18.6697, -0.0226316, 11.0272 )

[node name="Goat7" parent="Goats" index="5" instance=ExtResource( 1 )]

pause_mode = 1
transform = Transform( 0.271952, 0, -0.962311, 0, 1, 0, 0.962311, 0, 0.271952, 41.8044, -0.0226316, -24.8368 )

[node name="Goat9" parent="Goats" index="6" instance=ExtResource( 1 )]

pause_mode = 1
transform = Transform( 0.343915, 0, 0.939001, 0, 1, 0, -0.939001, 0, 0.343915, 60.7132, -0.0226316, -46.5819 )

[node name="Goat10" parent="Goats" index="7" instance=ExtResource( 1 )]

pause_mode = 1
transform = Transform( -0.0154059, 0, 0.999881, 0, 1, 0, -0.999881, 0, -0.0154059, 64.0534, -0.0226316, -20.26 )

[node name="Goat11" parent="Goats" index="8" instance=ExtResource( 1 )]

pause_mode = 1
transform = Transform( 0.76008, 0, -0.649829, 0, 1, 0, 0.649829, 0, 0.76008, 97.0299, -0.0226316, -55.6229 )

[node name="Goat12" parent="Goats" index="9" instance=ExtResource( 1 )]

pause_mode = 1
transform = Transform( -0.0321822, 0, 0.999482, 0, 1, 0, -0.999482, 0, -0.0321822, 85.479, -0.0226316, -67.525 )

[node name="Goat14" parent="Goats" index="10" instance=ExtResource( 1 )]

pause_mode = 1
transform = Transform( 0.764232, 0, -0.644941, 0, 1, 0, 0.644941, 0, 0.764232, 109.736, -0.0226316, -75.5846 )

[node name="Goat15" parent="Goats" index="11" instance=ExtResource( 1 )]

pause_mode = 1
transform = Transform( 0.750689, 0, -0.660656, 0, 1, 0, 0.660656, 0, 0.750689, 85.6607, -0.0226316, -89.3999 )

[node name="Goat17" parent="Goats" index="12" instance=ExtResource( 1 )]

pause_mode = 1
transform = Transform( 0.485079, 0, -0.87447, 0, 1, 0, 0.87447, 0, 0.485079, 58.2788, -0.0226316, -100.409 )

[node name="Goat18" parent="Goats" index="13" instance=ExtResource( 1 )]

pause_mode = 1
transform = Transform( 0.435354, 0, 0.900259, 0, 1, 0, -0.900259, 0, 0.435354, 22.447, -0.0228757, -67.0132 )

[node name="Goat20" parent="Goats" index="14" instance=ExtResource( 1 )]

pause_mode = 1
transform = Transform( 0.277001, 0, -0.96087, 0, 1, 0, 0.96087, 0, 0.277001, -12.9763, -0.0228757, -67.4637 )

[node name="Goat21" parent="Goats" index="15" instance=ExtResource( 1 )]

pause_mode = 1
transform = Transform( 0.49841, 0, -0.866941, 0, 1, 0, 0.866941, 0, 0.49841, -0.709625, -0.0226316, -82.6423 )

[node name="Goat22" parent="Goats" index="16" instance=ExtResource( 1 )]

pause_mode = 1
transform = Transform( 0.49841, 0, -0.866941, 0, 1, 0, 0.866941, 0, 0.49841, -15.4829, -0.0226316, 25.097 )

[node name="map" type="Node" parent="." index="1"]

[node name="Map" parent="map" index="0" instance=ExtResource( 2 )]

[node name="DirectionalLight" type="DirectionalLight" parent="." index="2"]

transform = Transform( 0.508277, -0.659745, 0.553526, 0, 0.642742, 0.766082, -0.861194, -0.389382, 0.326691, 0, 9.50543, 0 )
layers = 1
light_color = Color( 1, 1, 1, 1 )
light_energy = 1.0
light_indirect_energy = 1.0
light_negative = false
light_specular = 0.5
light_bake_mode = 2
light_cull_mask = -1
shadow_enabled = true
shadow_color = Color( 0, 0, 0, 1 )
shadow_bias = 0.1
shadow_contact = 0.0
shadow_reverse_cull_face = false
editor_only = false
directional_shadow_mode = 2
directional_shadow_split_1 = 0.1
directional_shadow_split_2 = 0.2
directional_shadow_split_3 = 0.5
directional_shadow_blend_splits = false
directional_shadow_normal_bias = 0.8
directional_shadow_bias_split_scale = 0.25
directional_shadow_depth_range = 0
directional_shadow_max_distance = 200.0
_sections_unfolded = [ "Editor", "Light", "Shadow", "Transform", "Visibility" ]

[node name="NPC" parent="." index="3" instance=ExtResource( 3 )]

transform = Transform( -0.803875, 0, -7.0277e-008, 0, 0.803875, 0, 7.0277e-008, 0, -0.803875, 15.159, 0, 4.29472 )


